Time [Mins],Global CMP22 (vent/cor) [W/m^2],Direct sNIP [W/m^2],Azimuth Angle [degrees],Tower Dry Bulb Temp [deg C],Tower Wet Bulb Temp [deg C],Tower Dew Point Temp [deg C],Tower RH [%],Total Cloud Cover [%],Peak Wind Speed @ 6ft [m/s],Avg Wind Direction @ 6ft [deg from N],Station Pressure [mBar],Precipitation (Accumulated) [mm],Snow Depth [cm],Moisture,Albedo (CMP11)
0,484.518,919.261,103.22436,6.2360000000000015,0.8490000000000001,-6.151,38.25,15,1.45,154.7,812.937,0.0,0.534,0.0,0.2043
1,488.139,920.9,103.40742,6.289,0.882,-6.218,37.89,16,1.45,153.0,812.913,0.0,0.537,0.0,0.2038
2,491.425,922.681,103.59098,6.36,1.019,-5.881,38.82,16,1.95,144.3,812.895,0.0,0.535,0.0,0.2034
3,494.857,923.576,103.77505,6.44,1.023,-6.1770000000000005,37.63,16,1.95,131.2,812.887,0.0,0.512,0.0,0.2023
4,498.422,923.435,103.95964,6.444,0.977,-6.3229999999999995,37.15,16,2.7,119.8,812.9010000000002,0.0,0.561,0.0,0.2013
5,502.24300000000005,923.765,104.14476,6.3679999999999986,0.894,-6.306,37.4,16,1.7,137.5,812.924,0.0,0.5489999999999999,0.0,0.2011
6,505.966,924.951,104.3304,6.347,0.828,-6.472,36.92,16,1.45,138.6,812.942,0.0,0.35100000000000003,0.0,0.2017
7,510.003,926.978,104.51658,6.43,1.148,-5.5520000000000005,39.74,18,2.45,121.1,812.921,0.0,0.711,0.0,0.2015
8,513.7669999999998,928.841,104.7033,6.724,1.222,-5.978,37.54,17,2.2,147.8,812.932,0.0,0.517,0.0,0.2013
9,517.34,930.317,104.89057,6.785,1.249,-6.051,37.15,15,1.45,158.0,812.953,0.0,0.488,0.0,0.2013
10,520.706,931.29,105.07838999999998,6.7139999999999995,0.987,-6.513,35.87,13,0.7,150.2,812.98,0.0,0.35700000000000004,0.0,0.2012
11,523.46,931.645,105.26677,6.7029999999999985,1.071,-6.4289999999999985,36.16,15,0.0,0.0,812.975,0.0,0.38,0.0,0.2012
12,526.67,932.88,105.45573,6.865,1.132,-6.268,36.26,15,1.45,141.3,812.97,0.0,0.585,0.0,0.2008
13,529.899,934.277,105.64525,6.938,1.109,-6.4910000000000005,35.39,13,2.2,110.0,812.966,0.0,0.4270000000000001,0.0,0.1997
14,533.746,936.125,105.83536,7.061,1.416,-5.8839999999999995,36.98,15,1.95,99.7,812.937,0.0,0.52,0.0,0.1995
15,537.087,937.391,106.02606000000002,7.273,1.653,-5.5470000000000015,37.52,16,1.7,81.4,812.9060000000002,0.0,0.602,0.0,0.1988
16,540.943,938.753,106.21735,7.485,1.612,-5.7879999999999985,36.22,17,2.45,67.03,812.8489999999998,0.0,0.5529999999999999,0.0,0.1981
17,545.206,940.264,106.40924,7.581,1.675,-5.825,35.87,17,2.2,93.6,812.82,0.0,0.445,0.0,0.1983
18,548.367,940.747,106.60174,7.745,1.71,-6.18,34.4,17,1.45,98.2,812.788,0.0,0.377,0.0,0.1984
19,552.1619999999998,941.884,106.79485,7.897,1.774,-6.026,34.5,17,1.45,85.2,812.7739999999999,0.0,0.407,0.0,0.1984
20,555.627,943.034,106.98859,8.08,2.068,-5.332000000000002,36.17,15,1.95,122.6,812.765,0.0,0.578,0.0,0.1989
21,558.75,943.617,107.18296,8.15,1.927,-5.872999999999998,34.36,15,2.2,156.9,812.748,0.0,0.512,0.0,0.1988
22,561.51,943.469,107.37796000000002,7.772,1.758,-5.942,35.05,17,2.2,134.6,812.7489999999998,0.0,0.391,0.0,0.1984
23,565.687,945.198,107.57361000000002,7.587999999999999,1.6969999999999998,-5.803,35.92,14,2.45,96.1,812.725,0.0,0.489,0.0,0.1972
24,569.219,946.471,107.76991,7.695,1.853,-5.647,36.14,13,2.45,77.83,812.687,0.0,0.54,0.0,0.1963
25,572.121,945.752,107.96687,7.897,1.899,-5.7010000000000005,35.48,13,2.45,97.9,812.677,0.0,0.615,0.0,0.1966
26,575.4630000000002,946.545,108.16449,8.09,1.993,-5.707000000000002,35.0,13,2.95,92.9,812.687,0.0,0.541,0.0,0.1969
27,578.727,946.772,108.36278,8.16,1.864,-6.2360000000000015,33.28,15,2.45,118.4,812.698,0.0,0.361,0.0,0.1965
28,582.181,948.51,108.56176,8.06,1.959,-5.641,35.27,13,1.95,93.7,812.7189999999998,0.0,0.613,0.0,0.19699999999999998
29,585.2330000000002,949.947,108.76142,8.14,2.012,-5.888,34.34,13,2.2,100.3,812.7239999999998,0.0,0.488,0.0,0.1967
30,588.3,950.495,108.96178,8.3,2.045,-5.755,34.36,13,2.7,96.6,812.7230000000002,0.0,0.422,0.0,0.1965
31,591.236,950.184,109.16284,8.41,2.219,-5.381,35.22,11,2.2,103.8,812.7189999999998,0.0,0.588,0.0,0.1966
32,594.456,950.513,109.36461,8.46,2.237,-5.6629999999999985,34.26,11,2.7,112.1,812.698,0.0,0.618,0.0,0.1965
33,597.953,951.255,109.5671,8.46,2.273,-5.4270000000000005,34.96,13,2.45,107.1,812.701,0.0,0.624,0.0,0.1962
34,601.6080000000002,951.763,109.77031,8.37,2.265,-5.435,35.15,14,2.95,99.3,812.698,0.0,0.537,0.0,0.196
35,604.91,952.286,109.97426000000002,8.34,2.09,-5.71,34.4,14,2.45,84.4,812.701,0.0,0.392,0.0,0.1956
36,608.371,953.318,110.17895,8.48,2.171,-5.729,34.02,15,1.45,100.9,812.688,0.0,0.39,0.0,0.1964
37,611.554,954.448,110.38439,8.63,2.404,-5.296,34.95,16,2.7,117.1,812.683,0.0,0.61,0.0,0.1963
38,613.757,953.605,110.59058,8.62,2.456,-5.234,35.16,16,2.45,143.3,812.682,0.0,0.728,0.0,0.1965
39,617.011,954.749,110.79755,8.58,2.477,-5.023,35.9,15,5.45,121.4,812.679,0.0,0.88,0.0,0.1968
40,620.019,955.685,111.00528,8.67,2.377,-5.422999999999999,34.48,17,2.95,118.5,812.69,0.0,0.752,0.0,0.1962
41,622.9019999999998,955.987,111.2138,8.52,2.165,-5.735,33.91,17,2.2,147.9,812.686,0.0,0.522,0.0,0.1963
42,625.216,955.455,111.4231,8.32,2.018,-5.8820000000000014,33.94,17,0.95,151.1,812.687,0.0,0.376,0.0,0.1966
43,626.898,953.687,111.63321,8.29,2.026,-5.974,33.74,17,1.2,51.2,812.688,0.0,0.545,0.0,0.1965
44,630.352,955.751,111.84412,8.42,2.128,-5.972,33.45,17,2.45,73.38,812.712,0.0,0.602,0.0,0.1952
45,633.831,956.911,112.05584,8.48,2.106,-5.894,33.54,18,2.7,72.87,812.7239999999998,0.0,0.5870000000000001,0.0,0.1942
46,637.415,958.625,112.26839,8.49,2.225,-5.765,33.89,19,2.2,49.81,812.742,0.0,0.728,0.0,0.1937
47,640.538,960.111,112.48177,8.43,2.171,-5.629,34.43,18,2.7,54.96,812.7289999999998,0.0,0.737,0.0,0.19399999999999998
48,643.619,961.246,112.69599,8.42,2.184,-5.516,34.79,18,2.95,75.43,812.715,0.0,0.809,0.0,0.1938
49,646.769,962.096,112.91106,8.57,2.266,-5.6339999999999995,34.09,18,2.95,100.9,812.703,0.0,0.705,0.0,0.1931
50,649.816,962.585,113.12699,8.63,2.346,-5.454,34.48,19,2.95,110.6,812.7,0.0,0.705,0.0,0.1933
51,652.83,963.658,113.34378,8.7,2.244,-5.856,33.15,20,2.95,103.5,812.709,0.0,0.604,0.0,0.1935
52,655.328,964.394,113.56145,8.81,2.356,-5.644,33.51,20,3.45,77.2,812.705,0.0,0.643,0.0,0.1941
53,658.462,965.459,113.78,9.01,2.51,-5.49,33.5,19,2.7,96.9,812.7,0.0,0.877,0.0,0.1933
54,661.9,966.486,113.99945,9.3,2.713,-5.487,32.86,19,2.95,95.5,812.696,0.0,0.7759999999999999,0.0,0.1936
55,665.2719999999998,967.394,114.21979,9.57,2.575,-6.225,30.28,19,1.95,96.8,812.676,0.0,0.342,0.0,0.1937
56,668.453,968.683,114.44105,9.69,2.833,-5.567,31.79,20,2.7,97.2,812.669,0.0,0.675,0.0,0.1936
57,671.8,970.041,114.66323,9.72,2.891,-5.409,32.16,21,2.95,99.2,812.663,0.0,0.593,0.0,0.193
58,674.929,971.122,114.88633,9.72,2.853,-5.647,31.51,21,2.2,102.8,812.654,0.0,0.5920000000000001,0.0,0.1929
59,678.173,973.156,115.11038,9.61,2.892,-5.4079999999999995,32.4,21,2.95,104.1,812.6339999999999,0.0,0.654,0.0,0.193
60,681.0830000000002,974.55,115.33537,9.5,2.763,-5.437,32.56,21,3.45,108.0,812.62,0.0,0.79,0.0,0.1919
61,684.628,976.105,115.56132,9.31,2.728,-5.472,32.88,20,3.45,111.1,812.62,0.0,0.655,0.0,0.1917
62,688.541,977.755,115.78823,9.16,2.474,-5.8260000000000005,32.22,19,3.45,102.6,812.6,0.0,0.573,0.0,0.1918
63,691.2330000000002,977.918,116.01612,9.07,2.6260000000000003,-5.374,33.7,18,3.2,101.4,812.5889999999998,0.0,0.925,0.0,0.1921
64,694.7,979.75,116.245,9.23,2.6260000000000003,-5.574,32.77,17,3.2,74.16,812.602,0.0,0.8109999999999999,0.0,0.1924
65,696.773,979.919,116.47487,9.39,2.675,-5.725,32.0,16,2.7,83.6,812.613,0.0,0.688,0.0,0.1923
66,700.123,981.42,116.70574,9.55,2.805,-5.495,32.29,17,3.2,64.77,812.612,0.0,0.768,0.0,0.1919
67,703.445,983.529,116.93763,9.7,2.8480000000000003,-5.5520000000000005,31.81,18,4.2,65.78,812.597,0.0,0.7809999999999999,0.0,0.1919
68,706.74,985.316,117.17054,9.65,2.7880000000000003,-5.7120000000000015,31.48,18,2.95,86.7,812.581,0.0,0.736,0.0,0.1915
69,709.747,986.956,117.40449,9.68,2.898,-5.502000000000002,31.99,18,3.95,76.49,812.538,0.0,0.77,0.0,0.1913
70,712.959,988.225,117.63948,9.79,2.806,-5.894,30.7,18,2.7,61.32,812.512,0.0,0.643,0.0,0.1912
71,715.45,988.654,117.87552,9.76,2.786,-5.914,30.71,20,2.7,101.0,812.5039999999998,0.0,0.598,0.0,0.1916
72,718.952,991.509,118.11262,9.63,2.7460000000000004,-5.754,31.41,19,2.95,97.6,812.5,0.0,0.669,0.0,0.1914
73,721.985,993.504,118.3508,9.59,2.725,-5.975,30.9,18,2.45,95.6,812.4760000000001,0.0,0.73,0.0,0.1911
74,725.8389999999998,995.76,118.59006,9.7,2.8710000000000004,-5.629,31.6,18,3.95,75.89,812.44,0.0,0.964,0.0,0.1906
75,728.216,995.696,118.83041,9.88,2.862,-5.7379999999999995,30.93,17,2.95,82.7,812.429,0.0,0.81,0.0,0.1907
76,730.602,996.037,119.07187,10.09,2.9589999999999996,-5.7410000000000005,30.49,16,3.45,70.44,812.4010000000002,0.0,0.823,0.0,0.1909
77,733.066,996.535,119.31444,10.33,3.119,-5.7810000000000015,29.9,16,3.45,83.1,812.393,0.0,0.6729999999999999,0.0,0.1908
78,735.5189999999999,997.128,119.55813,10.49,3.135,-5.865,29.37,17,2.7,73.98,812.388,0.0,0.687,0.0,0.1906
79,738.561,998.649,119.80296,10.53,3.301,-5.599,29.97,16,3.45,111.8,812.377,0.0,1.003,0.0,0.1911
80,741.717,999.615,120.04893,10.71,3.195,-6.105,28.35,15,3.45,106.9,812.352,0.0,1.012,0.0,0.1908
81,743.443,999.287,120.29606,10.76,3.232,-5.968,28.59,17,2.95,108.8,812.345,0.0,0.894,0.0,0.191
82,746.3610000000001,1000.21,120.54435,10.77,3.256,-5.944,28.63,19,3.95,97.6,812.336,0.0,0.812,0.0,0.1907
83,750.658,1002.89,120.79382,10.87,3.3480000000000003,-5.952000000000001,28.42,19,3.45,106.6,812.342,0.0,0.941,0.0,0.1906
84,753.52,1003.65,121.04447,10.97,3.31,-6.29,27.42,18,3.2,92.8,812.345,0.0,0.602,0.0,0.1901
85,755.725,1004.11,121.29632,10.91,3.196,-6.404,27.26,18,4.2,98.8,812.357,0.0,0.763,0.0,0.1897
86,757.668,1004.39,121.54938,10.93,3.245,-6.355,27.34,20,3.95,92.8,812.3760000000002,0.0,0.78,0.0,0.1896
87,760.313,1004.53,121.80365,11.06,3.326,-6.374,27.06,22,4.45,90.8,812.373,0.0,0.642,0.0,0.1893
88,761.8889999999999,1003.24,122.05915,11.17,3.349,-6.251,27.15,21,3.7,88.5,812.372,0.0,0.8,0.0,0.18899999999999997
89,764.6469999999998,1004.46,122.31589,11.25,3.5469999999999997,-5.9529999999999985,27.71,18,3.95,107.6,812.3589999999998,0.0,0.8240000000000001,0.0,0.1892
90,767.492,1006.12,122.57388,11.27,3.6,-5.8,28.04,18,4.2,111.0,812.342,0.0,0.8290000000000001,0.0,0.1894
91,771.2330000000002,1008.57,122.83314,11.12,3.332,-6.268,27.2,18,4.2,128.1,812.328,0.0,0.748,0.0,0.18899999999999997
92,773.653,1008.89,123.09366,10.83,3.236,-6.2639999999999985,27.74,19,4.95,131.2,812.328,0.0,0.8270000000000001,0.0,0.1888
93,775.811,1009.15,123.35546,10.66,3.214,-6.086,28.49,20,4.7,120.2,812.31,0.0,1.009,0.0,0.1889
94,777.937,1009.95,123.61856,10.61,3.155,-6.235,28.22,20,4.45,118.9,812.3,0.0,0.945,0.0,0.1883
95,781.04,1011.15,123.88296,10.46,2.972,-6.528,27.79,16,4.95,124.4,812.316,0.0,0.861,0.0,0.1875
96,784.3839999999999,1012.11,124.14868,10.28,2.863,-6.437,28.35,16,3.7,128.5,812.303,0.0,0.944,0.0,0.1879
97,786.705,1012.37,124.41572,10.3,3.0589999999999997,-5.941,29.55,18,5.45,116.9,812.248,0.0,1.128,0.0,0.188
98,790.676,1014.97,124.6841,10.51,3.1060000000000003,-6.194,28.51,19,5.2,103.3,812.2389999999998,0.0,0.982,0.0,0.1874
99,793.023,1015.38,124.95382,10.61,3.0669999999999997,-6.433,27.74,20,4.95,112.6,812.238,0.0,0.989,0.0,0.1875
100,795.4110000000002,1016.06,125.2249,10.66,3.1689999999999996,-6.131,28.38,18,4.2,107.8,812.2669999999998,0.0,1.131,0.0,0.1879
101,797.368,1016.01,125.49735,10.9,3.365,-5.735,28.9,18,4.45,97.4,812.284,0.0,1.158,0.0,0.1884
102,799.2639999999999,1016.43,125.77119,11.24,3.46,-6.24,27.05,17,4.95,94.1,812.341,0.0,0.77,0.0,0.1878
103,801.745,1016.85,126.04641,11.38,3.572,-6.127999999999999,27.06,15,4.7,87.8,812.3710000000002,0.0,0.862,0.0,0.1873
104,803.086,1016.01,126.32303,11.46,3.644,-5.956,27.32,14,4.45,94.3,812.3810000000002,0.0,0.981,0.0,0.1875
105,804.169,1015.27,126.60107,11.54,3.639,-6.061,26.93,16,4.45,96.4,812.38,0.0,0.861,0.0,0.1878
106,806.709,1016.08,126.88053,11.6,3.637,-6.063,26.82,16,4.45,89.6,812.378,0.0,0.8,0.0,0.1874
107,810.258,1018.66,127.16142,11.8,3.765,-5.935,26.76,16,3.7,100.3,812.373,0.0,0.928,0.0,0.1881
108,812.451,1018.71,127.44376,11.88,3.834,-5.966,26.55,16,4.2,112.1,812.346,0.0,0.905,0.0,0.188
109,813.855,1017.91,127.72756,11.87,3.818,-5.982,26.53,19,4.7,113.2,812.298,0.0,1.014,0.0,0.1875
110,816.2189999999998,1018.5,128.01282,11.86,3.881,-5.619,27.39,20,4.7,91.0,812.2719999999998,0.0,1.012,0.0,0.1875
111,818.4830000000002,1018.38,128.29956,12.02,3.92,-5.88,26.5,19,4.45,100.7,812.273,0.0,0.991,0.0,0.1874
112,821.32,1019.52,128.58778999999998,12.11,3.89,-6.01,26.05,19,4.7,97.9,812.2660000000002,0.0,0.96,0.0,0.1873
113,825.198,1022.46,128.87751,12.21,3.883,-6.2170000000000005,25.42,22,4.7,107.5,812.3,0.0,0.892,0.0,0.1871
114,826.204,1021.02,129.16875,12.3,3.889,-6.4110000000000005,24.85,23,4.2,104.7,812.314,0.0,0.789,0.0,0.187
115,827.449,1020.46,129.46151,12.17,3.915,-6.275,25.36,22,5.2,118.5,812.326,0.0,0.958,0.0,0.1866
116,828.808,1019.52,129.7558,11.89,3.756,-6.3439999999999985,25.68,23,4.7,104.7,812.308,0.0,0.928,0.0,0.1859
117,831.122,1020.59,130.05163000000002,11.81,3.703,-6.2970000000000015,25.92,23,4.95,107.5,812.268,0.0,1.009,0.0,0.1863
118,834.332,1023.61,130.34901000000002,11.9,3.608,-6.692,24.9,23,5.45,117.8,812.258,0.0,1.0490000000000002,0.0,0.1861
119,838.17,1026.2,130.64796,11.91,3.781,-6.319,25.7,23,5.7,113.0,812.22,0.0,1.164,0.0,0.1865
120,841.6389999999999,1028.57,130.94848000000002,11.96,3.591,-7.0089999999999995,24.13,22,5.7,127.1,812.2230000000002,0.0,1.0659999999999998,0.0,0.1862
121,842.6619999999998,1027.32,131.25058,11.92,3.625,-6.775,24.69,22,4.2,141.2,812.2230000000002,0.0,1.186,0.0,0.1866
122,844.615,1028.51,131.55427,12.28,3.59,-7.61,22.42,22,3.95,155.1,812.2189999999998,0.0,1.097,0.0,0.187
123,846.564,1028.56,131.85957,12.43,3.953,-6.5470000000000015,24.35,20,4.7,135.5,812.2289999999998,0.0,1.211,0.0,0.187
124,848.378,1028.47,132.16648,12.59,4.167,-5.933,25.41,20,4.95,120.6,812.195,0.0,1.1740000000000002,0.0,0.1861
125,851.658,1031.07,132.47501,12.63,4.215,-5.985,25.23,19,4.7,128.2,812.21,0.0,1.257,0.0,0.1861
126,852.748,1030.5,132.78518,12.64,4.0360000000000005,-6.364,24.4,18,4.7,129.0,812.22,0.0,0.892,0.0,0.1856
127,854.949,1031.15,133.09698999999998,12.44,4.0889999999999995,-6.1110000000000015,25.27,20,5.2,129.8,812.215,0.0,1.075,0.0,0.1854
128,858.705,1033.68,133.41045,12.42,3.886,-6.814,23.81,22,5.7,116.7,812.21,0.0,0.962,0.0,0.1846
129,858.459,1031.2,133.72557,12.33,3.789,-6.9110000000000005,23.75,20,3.95,126.9,812.215,0.0,0.855,0.0,0.1841
130,861.541,1033.4,134.04237,12.18,3.877,-6.3229999999999995,25.24,19,3.7,124.6,812.2189999999998,0.0,1.052,0.0,0.1844
131,863.579,1034.43,134.36085,12.35,3.815,-6.785,23.98,19,5.2,126.5,812.222,0.0,1.09,0.0,0.1844
132,866.972,1036.52,134.68101,12.4,3.872,-6.728,24.02,18,4.95,108.1,812.238,0.0,1.11,0.0,0.1838
133,868.052,1035.4,135.00287,12.67,4.14,-6.06,25.0,17,3.7,112.4,812.268,0.0,1.3259999999999998,0.0,0.1846
134,869.043,1035.25,135.32644,13.09,4.019,-7.2810000000000015,21.88,16,3.7,145.1,812.26,0.0,0.866,0.0,0.1849
135,871.2180000000002,1036.45,135.65173,12.95,4.249,-6.4510000000000005,23.73,17,4.7,131.2,812.211,0.0,0.984,0.0,0.1846
136,872.617,1036.18,135.97873,12.8,4.035,-6.955,22.94,18,4.2,99.2,812.174,0.0,0.7120000000000001,0.0,0.1831
137,875.4,1037.36,136.30748,12.67,4.096,-6.504,24.06,19,3.95,107.2,812.137,0.0,1.06,0.0,0.1828
138,875.932,1035.91,136.63796000000002,12.78,4.086,-6.614,23.66,18,4.7,117.7,812.133,0.0,1.0590000000000002,0.0,0.1831
139,877.1360000000002,1035.92,136.97018,12.82,3.916,-7.384,22.07,18,4.2,126.2,812.13,0.0,0.8,0.0,0.1826
140,879.221,1036.48,137.30417,12.55,3.919,-6.681,23.88,18,3.7,117.5,812.0930000000002,0.0,1.131,0.0,0.1828
141,881.803,1037.75,137.63991,12.79,4.1419999999999995,-6.547999999999999,23.78,19,5.2,96.1,812.044,0.0,1.145,0.0,0.183
142,884.462,1039.42,137.97743,13.1,4.163,-6.937,22.53,19,4.2,96.4,812.023,0.0,0.921,0.0,0.1824
143,886.284,1039.56,138.31672,13.26,4.346,-6.354,23.45,19,4.2,97.6,812.029,0.0,1.013,0.0,0.1823
144,886.451,1037.63,138.6578,13.36,4.447,-6.443,23.12,21,3.7,108.6,812.0110000000002,0.0,0.887,0.0,0.1824
145,889.1410000000002,1038.99,139.00067,13.3,4.436,-6.364,23.37,21,4.45,114.2,811.957,0.0,0.947,0.0,0.1823
146,891.336,1039.33,139.34533000000002,13.21,4.187,-7.013,22.22,20,5.95,117.2,811.944,0.0,1.038,0.0,0.1822
147,894.0310000000002,1041.05,139.6918,13.01,4.077,-6.922999999999999,22.69,20,4.45,114.1,811.9889999999998,0.0,0.967,0.0,0.1818
148,894.875,1040.15,140.04007,12.86,4.1930000000000005,-6.307,24.17,20,4.7,121.3,812.0010000000002,0.0,1.045,0.0,0.1824
149,896.36,1039.97,140.39015,12.77,3.901,-7.099,22.7,20,4.2,119.8,811.995,0.0,0.986,0.0,0.182
150,899.018,1041.81,140.74206,12.6,3.935,-6.765,23.63,21,5.2,110.9,811.953,0.0,1.315,0.0,0.1822
151,901.195,1042.75,141.09579,12.68,3.918,-7.1720000000000015,22.69,21,5.2,99.5,811.951,0.0,1.122,0.0,0.1824
152,901.682,1041.91,141.45134,12.97,3.95,-7.45,21.73,21,3.95,114.1,811.931,0.0,1.2009999999999998,0.0,0.1826
153,901.373,1039.32,141.80873,13.16,4.006,-7.494,21.38,20,5.2,120.0,811.9069999999998,0.0,1.0759999999999998,0.0,0.1823
154,903.514,1040.14,142.16795,13.09,3.879,-7.921,20.69,21,5.2,138.4,811.8760000000002,0.0,0.918,0.0,0.1825
155,905.368,1040.54,142.52901,12.75,3.597,-8.402999999999999,20.28,22,4.95,139.8,811.837,0.0,0.928,0.0,0.1818
156,907.019,1041.29,142.89191,12.49,3.4419999999999997,-8.458,20.53,23,5.95,120.0,811.7710000000002,0.0,1.29,0.0,0.1815
157,908.924,1042.41,143.25665,12.54,3.653,-7.647,21.97,23,5.2,114.7,811.737,0.0,1.3090000000000002,0.0,0.1815
158,911.028,1043.13,143.62325,12.66,3.536,-8.363999999999999,20.47,24,5.2,129.7,811.743,0.0,1.004,0.0,0.18100000000000002
159,911.106,1040.9,143.99168999999995,12.57,3.671,-7.729,21.77,23,4.7,124.6,811.7289999999998,0.0,1.035,0.0,0.1811
160,911.009,1039.59,144.36198000000005,12.55,3.635,-7.865,21.54,23,4.45,116.3,811.704,0.0,1.097,0.0,0.18100000000000002
161,913.034,1040.57,144.73412,12.58,3.708,-7.492000000000001,22.21,23,5.2,115.5,811.68,0.0,1.32,0.0,0.1809
162,914.69,1040.85,145.10811,12.67,3.875,-7.225,22.6,23,4.95,114.0,811.674,0.0,1.274,0.0,0.1812
163,916.187,1041.2,145.48396,12.84,3.877,-7.323,22.16,25,3.7,135.0,811.675,0.0,1.025,0.0,0.1816
164,917.54,1041.83,145.86166,13.01,3.873,-7.827000000000001,20.97,25,3.95,138.6,811.659,0.0,1.254,0.0,0.182
165,918.911,1042.55,146.2412,13.35,4.118,-7.6720000000000015,20.79,23,3.95,127.3,811.6389999999999,0.0,1.274,0.0,0.1822
166,920.867,1044.03,146.6226,13.55,4.1080000000000005,-7.892,20.13,19,5.7,123.1,811.602,0.0,1.208,0.0,0.1817
167,922.41,1045.3,147.00585,13.65,4.003,-8.597000000000001,18.8,19,4.2,141.7,811.59,0.0,1.114,0.0,0.1818
168,924.658,1046.35,147.39094,13.55,4.033,-8.167,19.65,19,3.2,155.5,811.562,0.0,1.163,0.0,0.1819
169,925.876,1045.96,147.77788,13.63,3.986,-8.414,19.13,19,5.2,124.7,811.56,0.0,0.995,0.0,0.1809
170,926.697,1045.84,148.16665,13.5,4.096,-7.704,20.53,19,4.2,118.8,811.543,0.0,1.261,0.0,0.1808
171,928.249,1046.96,148.55727,13.65,4.154,-7.846,20.08,19,4.2,128.4,811.5360000000002,0.0,1.144,0.0,0.1806
172,929.759,1047.39,148.94972,13.57,4.007,-8.293,19.41,19,3.2,126.8,811.5139999999999,0.0,0.8290000000000001,0.0,0.1803
173,930.052,1045.82,149.34399,13.4,4.081,-7.919,20.28,18,2.7,122.1,811.4630000000002,0.0,1.19,0.0,0.1804
174,929.079,1043.92,149.74008999999995,13.43,4.152,-7.448,21.09,18,3.95,119.1,811.427,0.0,1.25,0.0,0.1802
175,931.624,1046.14,150.13801,13.72,4.2989999999999995,-7.401,20.78,18,3.2,127.7,811.388,0.0,1.246,0.0,0.1808
176,932.842,1046.88,150.53774,14.11,4.53,-7.47,20.14,18,4.45,122.7,811.3689999999998,0.0,1.165,0.0,0.18100000000000002
177,933.994,1046.26,150.93927,14.27,4.6080000000000005,-7.192,20.42,18,4.7,105.6,811.363,0.0,1.097,0.0,0.18
178,935.336,1046.26,151.34259,14.47,4.628,-7.762,19.18,19,3.95,94.9,811.39,0.0,0.8270000000000001,0.0,0.1791
179,934.269,1043.65,151.74771,14.51,4.6080000000000005,-7.792000000000002,19.08,18,3.95,113.9,811.409,0.0,0.797,0.0,0.1792
180,934.107,1042.45,152.15461000000005,14.22,4.5569999999999995,-7.542999999999998,19.87,16,2.45,140.7,811.4019999999998,0.0,0.8220000000000001,0.0,0.1797
181,935.931,1044.28,152.56328,14.21,4.729,-6.871,21.08,17,4.7,132.5,811.38,0.0,1.264,0.0,0.18
182,939.259,1046.44,152.9737,14.4,4.521,-8.079,18.74,20,4.45,132.9,811.3860000000002,0.0,0.919,0.0,0.1789
183,940.339,1046.07,153.38588,14.06,4.323,-8.077,19.16,22,3.95,139.0,811.345,0.0,1.069,0.0,0.1789
184,941.408,1045.97,153.7998,13.82,4.251,-8.049,19.51,22,3.7,140.9,811.309,0.0,1.189,0.0,0.1785
185,941.506,1044.0,154.21544,13.74,4.2780000000000005,-7.722,20.18,22,4.95,124.4,811.279,0.0,1.232,0.0,0.1783
186,941.287,1042.2,154.6328,13.71,4.17,-7.83,20.03,22,5.45,109.6,811.295,0.0,1.13,0.0,0.1778
187,941.284,1040.7,155.05186,13.73,4.149,-8.051,19.62,22,3.95,112.8,811.2819999999998,0.0,1.009,0.0,0.1779
188,943.672,1042.82,155.47261,13.75,4.168,-7.932,19.8,22,3.95,103.7,811.247,0.0,1.116,0.0,0.1782
189,944.507,1042.86,155.89503,13.88,4.288,-7.812,19.84,24,3.2,90.3,811.203,0.0,1.166,0.0,0.1786
190,946.43,1044.13,156.31911000000005,14.17,4.3919999999999995,-8.008,19.14,23,4.45,152.7,811.186,0.0,1.129,0.0,0.1794
191,948.985,1046.3,156.74483,14.18,4.3919999999999995,-8.107999999999999,18.96,23,3.7,165.2,811.174,0.0,1.185,0.0,0.1797
192,949.654,1046.56,157.17218,14.22,4.292,-8.408,18.42,23,4.95,120.1,811.1569999999998,0.0,1.226,0.0,0.1792
193,950.536,1046.78,157.60114,14.31,4.405,-8.385,18.35,22,4.45,117.1,811.1489999999999,0.0,1.144,0.0,0.1789
194,951.491,1046.36,158.03169,14.29,4.393,-8.307,18.5,21,4.45,125.0,811.1489999999999,0.0,0.8270000000000001,0.0,0.1784
195,951.572,1045.05,158.46381,14.1,4.317,-8.083,19.1,18,6.95,111.1,811.13,0.0,1.151,0.0,0.1783
196,951.367,1043.72,158.89749,14.09,4.2410000000000005,-8.559,18.33,21,4.2,150.6,811.1610000000002,0.0,1.092,0.0,0.1787
197,951.471,1043.19,159.3327,14.14,4.308,-8.192,18.87,21,4.2,144.7,811.158,0.0,1.228,0.0,0.1792
198,951.272,1041.46,159.76942,14.35,4.413,-8.287,18.46,22,4.45,137.6,811.16,0.0,1.161,0.0,0.1789
199,949.818,1037.63,160.20763,14.42,4.519,-7.7810000000000015,19.21,20,4.2,132.7,811.1489999999999,0.0,1.109,0.0,0.1787
200,948.36,1035.43,160.64732,14.49,4.53,-7.97,18.81,21,4.95,137.6,811.127,0.0,1.069,0.0,0.1788
201,950.825,1037.53,161.08845,14.52,4.64,-7.66,19.29,20,5.45,131.2,811.1089999999998,0.0,1.2990000000000002,0.0,0.1784
202,950.087,1035.45,161.531,14.6,4.535,-8.365,18.04,19,4.95,133.9,811.1239999999998,0.0,1.055,0.0,0.17800000000000002
203,949.991,1034.01,161.97496,14.54,4.6419999999999995,-7.848,18.95,17,3.7,141.7,811.078,0.0,1.217,0.0,0.1784
204,951.393,1034.97,162.42029,14.53,4.605,-7.795,19.05,16,3.7,141.0,811.062,0.0,1.233,0.0,0.1782
205,952.931,1037.03,162.86697,14.62,4.623,-7.777,18.97,14,3.7,123.7,811.03,0.0,1.214,0.0,0.1781
206,954.352,1038.54,163.31498,14.74,4.607,-8.093,18.31,14,4.7,117.7,811.005,0.0,1.075,0.0,0.1775
207,955.383,1038.56,163.76428,14.63,4.4,-8.8,17.33,15,3.7,113.4,810.997,0.0,0.7709999999999999,0.0,0.1775
208,956.785,1039.5,164.21486000000004,14.5,4.4060000000000015,-8.693999999999999,17.64,15,3.7,129.8,810.982,0.0,1.052,0.0,0.17800000000000002
209,958.188,1041.44,164.66666999999995,14.48,4.271,-9.329,16.7,15,3.45,152.0,810.9730000000002,0.0,1.092,0.0,0.1783
210,959.044,1042.46,165.1197,14.51,4.42,-8.68,17.65,15,3.7,136.8,810.96,0.0,1.192,0.0,0.1785
211,958.389,1041.01,165.57391,14.6,4.325,-9.275,16.65,14,4.95,133.7,810.977,0.0,1.194,0.0,0.17800000000000002
212,957.793,1039.56,166.02928,14.52,4.136,-9.664,16.17,11,2.95,138.8,810.982,0.0,0.924,0.0,0.1781
213,957.218,1038.76,166.48577,14.41,4.074,-9.926,15.91,9,1.2,161.7,810.9739999999998,0.0,0.804,0.0,0.1787
214,957.202,1038.57,166.94336,14.45,4.404,-8.686,17.71,11,1.7,152.6,810.962,0.0,1.238,0.0,0.1789
215,957.25,1038.65,167.40200000000002,14.74,4.493,-8.897,17.06,13,2.7,184.5,810.956,0.0,1.121,0.0,0.1787
216,957.46,1038.07,167.86168,15.1,4.681,-8.809,16.8,12,2.2,158.4,810.959,0.0,0.933,0.0,0.1788
217,957.68,1037.78,168.32235,15.31,4.926,-8.074,17.68,12,2.7,143.3,810.944,0.0,1.492,0.0,0.1787
218,957.732,1037.62,168.78398,15.58,5.0360000000000005,-8.264,17.09,15,2.7,161.1,810.933,0.0,1.178,0.0,0.1784
219,957.543,1037.03,169.24653999999995,15.8,5.155,-7.845,17.48,16,3.95,116.5,810.9119999999998,0.0,0.923,0.0,0.1778
220,958.902,1037.64,169.71,15.85,5.172999999999999,-8.127,17.0,16,4.7,109.5,810.8860000000002,0.0,1.154,0.0,0.1765
221,958.904,1036.37,170.17431000000005,15.85,5.075,-8.425,16.56,15,3.7,124.4,810.8689999999998,0.0,0.871,0.0,0.1763
222,958.528,1035.8,170.63945,15.73,5.126,-8.154,17.09,16,3.7,108.9,810.827,0.0,1.037,0.0,0.1764
223,959.421,1036.23,171.10538,15.8,5.07,-8.23,16.9,17,2.7,103.0,810.809,0.0,1.042,0.0,0.1764
224,960.639,1036.99,171.57206000000005,15.94,5.252999999999999,-7.947,17.17,18,4.2,103.5,810.7669999999998,0.0,1.165,0.0,0.1764
225,961.113,1036.76,172.03945,15.96,5.098,-8.602,16.19,20,4.45,104.0,810.737,0.0,0.96,0.0,0.1754
226,961.489,1036.64,172.50752,15.85,5.002,-8.597999999999999,16.31,20,4.7,120.4,810.7180000000002,0.0,0.964,0.0,0.1754
227,962.244,1037.1,172.97623000000004,15.61,4.996,-8.504,16.7,20,4.7,119.4,810.7130000000002,0.0,1.064,0.0,0.1752
228,962.756,1037.46,173.44554,15.3,4.6530000000000005,-9.047,16.24,19,2.45,138.0,810.7080000000002,0.0,0.897,0.0,0.1763
229,962.765,1037.23,173.91541999999995,15.17,4.6560000000000015,-8.744,16.82,17,2.2,100.5,810.653,0.0,1.105,0.0,0.1765
230,963.305,1037.87,174.38582,15.3,4.921,-8.158999999999999,17.56,16,2.45,91.0,810.62,0.0,1.4409999999999998,0.0,0.1765
231,963.326,1038.2,174.8567,15.7,5.124,-8.076,17.24,16,4.2,125.8,810.587,0.0,1.265,0.0,0.1767
232,964.522,1039.81,175.32804,15.99,5.187,-8.413,16.43,14,4.7,135.8,810.578,0.0,1.04,0.0,0.177
233,965.25,1040.46,175.79978,15.89,5.046,-8.844,15.92,15,3.45,117.7,810.568,0.0,0.97,0.0,0.1763
234,966.0,1041.18,176.27188,15.65,4.831,-9.169,15.71,17,3.45,129.6,810.562,0.0,0.951,0.0,0.1761
235,966.278,1041.78,176.74431,15.43,4.768,-8.932,16.27,17,2.7,117.9,810.562,0.0,1.105,0.0,0.1761
236,966.519,1042.65,177.21703,15.51,4.926,-8.564,16.72,16,4.45,142.5,810.558,0.0,1.4409999999999998,0.0,0.1767
237,966.979,1043.48,177.69,15.66,4.803,-9.197,15.66,16,2.7,135.1,810.568,0.0,0.991,0.0,0.1767
238,965.711,1041.78,178.16317,15.65,4.846,-8.954,16.01,16,3.7,140.7,810.578,0.0,1.039,0.0,0.1764
239,964.644,1039.91,178.63651000000004,15.68,4.845,-9.255,15.56,14,3.45,137.7,810.549,0.0,0.997,0.0,0.1762
240,963.966,1039.45,179.10997,15.63,4.853,-9.047,15.9,14,4.95,119.9,810.539,0.0,1.116,0.0,0.1756
244,964.207,1037.81,181.00423,15.77,4.8439999999999985,-9.256,15.47,18,3.7,97.1,810.437,0.0,1.054,0.0,0.1753
245,964.106,1037.84,181.4777,15.9,5.024,-8.966000000000003,15.74,15,3.7,78.84,810.3989999999999,0.0,0.999,0.0,0.1753
246,964.857,1038.69,181.95105,16.1,5.1080000000000005,-8.792,15.78,14,3.7,115.1,810.3989999999999,0.0,1.068,0.0,0.1756
247,963.562,1036.7,182.42423,16.14,5.215,-8.585,16.03,14,4.2,135.3,810.3960000000002,0.0,1.044,0.0,0.1763
248,962.648,1034.74,182.89721,16.13,5.188,-8.692,15.89,16,4.2,148.6,810.409,0.0,1.195,0.0,0.1767
249,962.178,1033.97,183.36995,16.09,5.058,-9.142,15.31,17,4.2,153.3,810.408,0.0,0.8170000000000001,0.0,0.1769
250,960.768,1032.55,183.8424,15.92,5.006,-8.894,15.82,17,3.2,92.5,810.363,0.0,1.037,0.0,0.1762
251,960.898,1032.24,184.31453,15.97,5.099,-8.701,16.04,18,4.7,109.7,810.35,0.0,1.163,0.0,0.1757
252,960.678,1031.78,184.7863,16.06,5.182,-8.418,16.35,16,3.45,93.7,810.315,0.0,1.133,0.0,0.1762
253,960.849,1032.4,185.25766,16.22,5.186,-8.814,15.63,15,3.95,114.7,810.2819999999998,0.0,1.057,0.0,0.1763
254,961.043,1033.43,185.72857,16.23,5.2429999999999986,-8.357000000000001,16.26,15,4.45,133.7,810.237,0.0,1.271,0.0,0.1765
255,961.836,1034.55,186.19901,16.36,5.266,-8.734,15.6,15,4.2,146.1,810.2130000000002,0.0,1.15,0.0,0.1772
259,959.79,1030.2,188.07513,16.7,5.465,-8.635,15.4,16,2.95,165.1,810.174,0.0,0.93,0.0,0.1775
260,958.631,1029.12,188.54257,16.75,5.335,-9.165,14.65,14,2.2,187.9,810.158,0.0,0.934,0.0,0.1774
261,958.174,1028.33,189.0093,16.67,5.475,-8.525,15.58,10,2.7,162.1,810.1569999999998,0.0,1.0590000000000002,0.0,0.1772
262,955.959,1026.66,189.47528,16.78,5.454,-8.846,15.04,13,3.45,103.9,810.1289999999998,0.0,1.0490000000000002,0.0,0.1766
263,953.951,1025.31,189.94047,16.86,5.347,-9.543,14.07,14,4.45,125.8,810.1289999999998,0.0,1.036,0.0,0.17600000000000002
264,952.573,1024.12,190.40484,16.63,5.385,-8.715,15.36,14,2.45,115.1,810.102,0.0,1.212,0.0,0.17600000000000002
265,952.567,1024.38,190.86835,16.61,5.439,-8.561,15.59,15,3.45,130.3,810.082,0.0,1.227,0.0,0.17600000000000002
266,953.467,1025.67,191.33098,16.66,5.207000000000002,-9.393,14.44,15,4.95,121.2,810.058,0.0,1.108,0.0,0.1753
267,952.218,1024.2,191.79267,16.52,5.2639999999999985,-8.936,15.17,15,3.95,109.1,810.059,0.0,1.349,0.0,0.1754
268,951.69,1023.16,192.25341,16.58,5.315,-8.885,15.18,18,3.45,142.4,810.071,0.0,1.101,0.0,0.1761
269,952.912,1023.46,192.71315,16.61,5.114,-9.786,13.99,19,4.2,134.2,810.096,0.0,0.975,0.0,0.1755
270,949.798,1019.56,193.17186,16.32,4.879,-10.221,13.71,19,3.2,120.4,810.096,0.0,0.937,0.0,0.1754
271,950.794,1021.17,193.62952,16.08,4.878,-10.022,14.17,17,1.7,163.5,810.087,0.0,0.846,0.0,0.1764
272,952.267,1023.89,194.08609,16.08,4.814,-10.286,13.84,15,1.45,193.1,810.06,0.0,0.964,0.0,0.1765
273,950.795,1022.5,194.54153,16.08,4.8180000000000005,-10.182,13.97,15,2.2,180.7,810.056,0.0,1.118,0.0,0.1761
274,951.486,1023.49,194.99582,16.01,4.85,-10.04,14.21,16,1.7,179.4,810.035,0.0,0.904,0.0,0.1761
275,954.447,1028.79,195.44893,16.03,4.823,-10.177,14.02,18,1.7,207.6,810.0169999999998,0.0,0.969,0.0,0.1764
276,952.031,1026.61,195.90083,16.04,4.769,-10.331,13.82,19,1.7,160.5,810.03,0.0,0.87,0.0,0.1767
277,949.421,1023.92,196.35149,16.08,4.9719999999999995,-9.328,15.07,18,2.2,87.4,810.0169999999998,0.0,1.2009999999999998,0.0,0.1766
278,950.356,1026.02,196.80088,16.37,5.0139999999999985,-9.886,14.08,17,1.2,214.3,809.9939999999998,0.0,0.684,0.0,0.1765
279,950.456,1027.25,197.24897,16.46,4.914,-10.486,13.27,16,1.2,262.7,809.985,0.0,0.6779999999999999,0.0,0.1764
280,947.492,1025.51,197.69574,16.56,5.2120000000000015,-9.488,14.41,17,3.45,112.7,809.985,0.0,1.062,0.0,0.1764
281,945.726,1023.73,198.14117,16.7,5.132999999999999,-9.867,13.81,18,2.95,87.2,809.9680000000002,0.0,0.986,0.0,0.1751
282,945.383,1023.09,198.58522,16.71,4.988,-10.712,12.8,16,3.2,176.4,809.957,0.0,0.75,0.0,0.1752
283,945.308,1023.1,199.02787,16.48,5.085,-9.815,14.07,16,1.95,214.1,809.923,0.0,0.865,0.0,0.1749
284,943.074,1020.35,199.4691,16.41,5.023,-9.977,13.93,16,2.7,125.0,809.922,0.0,0.932,0.0,0.1743
285,943.293,1021.55,199.90889,16.32,5.01,-9.89,14.12,16,2.7,114.9,809.9169999999998,0.0,0.951,0.0,0.1741
286,942.542,1021.15,200.34721,16.33,4.994,-9.906,14.09,15,2.45,125.3,809.923,0.0,0.892,0.0,0.1743
287,942.432,1022.09,200.78403,16.38,4.941,-10.359000000000002,13.49,15,1.45,290.8,809.885,0.0,0.716,0.0,0.1749
288,939.759,1020.74,201.21935,16.42,5.039,-10.051,13.83,16,2.45,124.8,809.865,0.0,0.945,0.0,0.1749
289,942.312,1025.85,201.65313,16.45,4.949,-10.351,13.44,16,1.95,94.7,809.814,0.0,1.117,0.0,0.1744
290,940.784,1025.82,202.08536,16.53,5.192,-9.408,14.54,16,1.7,30.9,809.801,0.0,0.925,0.0,0.175
291,941.546,1028.44,202.51602,16.72,5.211,-9.869,13.79,16,2.45,175.3,809.7669999999998,0.0,1.042,0.0,0.1745
292,940.323,1027.62,202.94509,16.82,5.437,-8.863,14.98,16,3.45,112.4,809.7560000000002,0.0,1.2009999999999998,0.0,0.1739
293,941.282,1028.89,203.37255,16.95,5.485,-8.815,14.92,16,4.45,105.0,809.716,0.0,1.131,0.0,0.1737
294,938.533,1025.93,203.79839,17.09,5.4860000000000015,-9.314,14.15,18,3.95,101.0,809.693,0.0,1.016,0.0,0.17300000000000001
295,936.092,1023.09,204.22259,17.2,5.65,-8.75,14.77,18,3.45,106.5,809.654,0.0,1.219,0.0,0.1736
296,937.106,1024.27,204.64513,17.37,5.724,-8.876,14.45,19,4.7,123.8,809.6260000000002,0.0,1.237,0.0,0.1741
297,936.617,1023.78,205.06599999999997,17.33,5.728,-8.572000000000001,14.88,19,4.95,122.3,809.6,0.0,1.242,0.0,0.1747
298,934.843,1022.4,205.48518,17.27,5.542000000000002,-9.258,14.06,18,4.45,134.2,809.5889999999998,0.0,1.157,0.0,0.1748
299,934.962,1023.8,205.90266,17.07,5.443,-9.457,13.99,14,4.45,139.6,809.6039999999998,0.0,1.094,0.0,0.1758
300,932.5,1021.16,206.31843,16.94,5.398,-9.302,14.3,16,4.2,133.1,809.61,0.0,1.159,0.0,0.17600000000000002
301,931.073,1019.97,206.73247,16.89,5.401,-9.299,14.35,20,3.7,128.9,809.617,0.0,1.243,0.0,0.1762
302,926.095,1015.35,207.14477,16.92,5.265,-9.735,13.78,23,2.7,120.0,809.6469999999998,0.0,1.131,0.0,0.1768
303,924.222,1014.49,207.55533,17.01,5.357,-9.443,14.06,22,2.95,116.0,809.6489999999999,0.0,1.224,0.0,0.1772
304,925.306,1017.04,207.96412,17.17,5.47,-9.63,13.69,22,3.7,106.6,809.665,0.0,1.173,0.0,0.1769
305,922.844,1015.09,208.37115,17.28,5.487,-9.793,13.4,24,2.7,76.99,809.675,0.0,1.186,0.0,0.177
306,921.694,1014.58,208.7764,17.41,5.392,-10.508,12.47,25,2.45,87.4,809.658,0.0,0.935,0.0,0.1774
307,919.854,1013.56,209.17986,17.58,5.903,-8.477,14.77,24,5.45,91.5,809.579,0.0,1.275,0.0,0.1767
308,920.063,1015.21,209.58152,17.78,5.78,-9.42,13.42,21,5.7,76.4,809.576,0.0,0.8320000000000001,0.0,0.17600000000000002
309,921.318,1017.82,209.98137999999997,17.84,5.917999999999998,-8.972000000000003,13.91,23,2.95,75.71,809.574,0.0,0.932,0.0,0.1774
310,923.554,1021.68,210.37944,17.99,5.835,-9.665,12.96,23,2.7,93.5,809.5060000000002,0.0,0.93,0.0,0.1779
311,922.731,1022.11,210.77567,18.04,5.562,-11.038,11.43,22,3.95,330.8,809.49,0.0,1.054,0.0,0.1787
312,922.54,1023.74,211.17008,18.07,5.739,-9.961,12.56,21,4.45,68.27,809.515,0.0,0.911,0.0,0.1782
313,921.892,1024.47,211.56267000000003,18.1,5.95,-9.05,13.59,23,2.7,65.96,809.52,0.0,0.813,0.0,0.1785
314,918.925,1022.18,211.95342,18.17,6.104,-8.696,13.96,23,1.45,49.49,809.442,0.0,0.906,0.0,0.18
315,919.463,1026.6,212.34234,18.32,5.3420000000000005,-13.338,9.12,23,4.2,286.4,809.385,0.0,0.982,0.0,0.1794
316,915.572,1023.78,212.72942,18.51,5.4110000000000005,-13.389,8.97,22,4.45,22.7,809.357,0.0,1.15,0.0,0.1796
317,913.324,1022.39,213.11465,18.87,5.5729999999999995,-13.427,8.74,22,4.45,322.4,809.318,0.0,0.999,0.0,0.1798
318,911.914,1021.3,213.49804,19.1,5.562,-14.238,7.997999999999998,23,6.2,5.7429999999999986,809.273,0.0,0.85,0.0,0.1788
319,908.808,1017.35,213.87958,19.14,5.897,-11.903,9.87,22,7.45,303.0,809.319,0.0,0.7979999999999999,0.0,0.1775
320,910.957,1021.32,214.25928,18.76,5.6789999999999985,-12.121,9.91,22,4.95,284.4,809.297,0.0,0.7440000000000001,0.0,0.1765
321,911.023,1023.28,214.63712,18.47,5.487,-12.903,9.4,22,3.7,334.4,809.295,0.0,0.959,0.0,0.1777
322,908.777,1021.81,215.01311,18.59,5.2860000000000005,-14.604,7.983,22,5.95,318.8,809.2230000000002,0.0,0.906,0.0,0.1778
323,908.408,1022.95,215.38725,18.64,5.2829999999999995,-14.807,7.81,22,4.45,277.4,809.179,0.0,0.847,0.0,0.1776
324,906.806,1022.56,215.75954,18.62,5.182,-15.418,7.39,20,5.7,289.7,809.174,0.0,0.629,0.0,0.1771
325,904.148,1020.63,216.12998,18.46,5.192,-14.508,8.12,20,4.45,346.0,809.1569999999998,0.0,0.899,0.0,0.1776
326,903.68,1021.64,216.49857000000003,18.52,5.32,-13.88,8.57,19,5.2,10.82,809.1039999999998,0.0,0.8640000000000001,0.0,0.1779
327,902.033,1021.25,216.86531,18.71,5.438,-13.662,8.64,19,3.2,299.6,809.066,0.0,0.873,0.0,0.1786
328,900.4639999999998,1021.02,217.2302,18.91,5.483,-13.717,8.49,20,4.45,19.39,809.05,0.0,0.866,0.0,0.1787
329,898.77,1021.37,217.59325,19.07,5.6579999999999995,-13.442,8.62,22,4.95,24.81,809.0239999999999,0.0,0.81,0.0,0.1792
330,898.452,1023.49,217.95446,19.12,5.519,-14.181,8.03,24,8.7,292.3,809.0239999999999,0.0,0.828,0.0,0.1784
331,896.5089999999999,1021.95,218.31384,18.8,5.3889999999999985,-14.601,7.881,24,7.95,301.3,808.99,0.0,0.8690000000000001,0.0,0.1772
332,894.2669999999998,1020.51,218.67137999999997,18.53,5.28,-14.42,8.15,23,7.45,289.0,809.005,0.0,0.8370000000000001,0.0,0.1765
333,892.197,1019.98,219.02708,18.34,5.1110000000000015,-14.589,8.12,25,6.45,289.3,808.938,0.0,0.852,0.0,0.1766
334,890.7080000000002,1019.65,219.38096,18.32,5.122000000000001,-14.378,8.29,25,9.7,280.6,808.8789999999998,0.0,0.893,0.0,0.1769
335,891.669,1023.16,219.73302,18.25,5.129,-14.571,8.18,23,9.7,287.8,808.893,0.0,1.007,0.0,0.1767
336,889.535,1022.13,220.08326,18.28,5.154,-14.146,8.49,22,6.7,292.2,808.954,0.0,1.046,0.0,0.1785
337,886.9119999999998,1021.1,220.43169,18.44,5.254,-13.845999999999998,8.64,22,7.45,282.1,808.914,0.0,0.954,0.0,0.1796
338,885.1469999999998,1021.03,220.77831,18.5,5.223,-14.177,8.35,17,7.7,279.1,808.87,0.0,0.765,0.0,0.1791
339,883.306,1019.83,221.12312999999997,18.38,5.232,-14.168,8.42,18,5.95,276.6,808.8889999999999,0.0,0.7929999999999999,0.0,0.1797
340,881.1089999999998,1018.14,221.46615,18.35,5.337999999999999,-13.462,9.0,21,5.2,289.0,808.8589999999998,0.0,1.001,0.0,0.1803
341,879.705,1018.58,221.80738,18.55,5.324,-14.156,8.34,18,4.95,290.0,808.837,0.0,0.7959999999999999,0.0,0.18100000000000002
342,878.5310000000002,1018.87,222.14683,18.54,5.252999999999999,-14.347,8.2,18,7.45,289.2,808.82,0.0,0.782,0.0,0.1804
343,876.38,1017.3,222.48451,18.47,5.2989999999999995,-14.081,8.44,18,5.2,281.7,808.841,0.0,0.866,0.0,0.1811
344,874.388,1016.09,222.82041,18.53,5.29,-13.81,8.62,19,3.45,277.3,808.8789999999998,0.0,0.939,0.0,0.1816
345,872.113,1015.27,223.15455,18.69,5.369,-13.931,8.44,19,8.7,299.9,808.867,0.0,0.899,0.0,0.1816
346,870.419,1015.89,223.48694,18.65,5.379,-14.101,8.33,18,9.2,299.8,808.842,0.0,0.939,0.0,0.1806
347,867.9580000000002,1014.17,223.81758,18.42,5.255,-14.245,8.34,20,8.95,296.8,808.8589999999998,0.0,0.985,0.0,0.1807
348,866.066,1013.56,224.14647999999997,18.18,5.061,-14.539,8.24,19,6.95,286.8,808.837,0.0,0.956,0.0,0.1805
349,863.693,1012.54,224.47365,18.13,5.153,-13.747,8.89,16,5.7,300.4,808.847,0.0,1.178,0.0,0.1816
350,861.893,1013.11,224.79909,18.47,5.381,-13.319,9.05,17,9.95,296.7,808.816,0.0,1.129,0.0,0.1818
351,860.2260000000001,1013.06,225.12282,18.52,5.332999999999998,-13.567,8.82,18,8.7,286.3,808.7460000000002,0.0,0.936,0.0,0.1813
352,858.2360000000001,1012.52,225.44484,18.37,5.092,-15.008,7.7970000000000015,20,8.95,290.2,808.715,0.0,0.754,0.0,0.1805
353,855.885,1011.24,225.76517,18.09,4.952,-15.148,7.832999999999998,22,6.7,273.7,808.738,0.0,0.748,0.0,0.1808
354,853.6089999999998,1009.9,226.0838,17.97,4.89,-15.11,7.92,23,7.95,279.5,808.7560000000002,0.0,0.858,0.0,0.1815
355,851.8510000000001,1009.24,226.40076,17.85,4.788,-15.212,7.905,22,7.45,278.3,808.7389999999998,0.0,0.8109999999999999,0.0,0.1812
356,850.579,1010.35,226.71605,17.84,4.904,-14.396,8.53,22,7.2,280.2,808.683,0.0,1.011,0.0,0.1823
357,848.455,1010.27,227.02967,18.01,4.982,-14.318,8.5,23,9.45,282.7,808.678,0.0,0.947,0.0,0.1823
358,846.3860000000002,1009.39,227.34164,17.87,4.944,-14.646,8.32,24,7.95,291.7,808.7610000000002,0.0,0.936,0.0,0.1821
359,843.8739999999998,1008.32,227.65197,17.73,4.9639999999999995,-13.636,9.21,23,6.95,298.4,808.727,0.0,1.211,0.0,0.1834
360,841.4680000000002,1007.88,227.96067,17.99,5.045,-14.255,8.56,21,6.45,300.5,808.7260000000001,0.0,1.019,0.0,0.1839
